5,119,15,5,66,66,12,1
5,119,15,5,66,66,85,42
5,119,15,5,66,66,101,103
5,119,15,5,66,66,120,186
5,119,15,5,66,66,166,126
5,119,15,5,66,66,169,150
5,119,15,5,83,83,55,172
5,119,15,5,83,83,174,183
5,119,15,5,83,83,194,54
5,119,15,5,113,113,33,33
5,119,15,5,113,113,85,124
5,119,15,5,113,113,150,174
5,119,15,5,193,193,135,149
5,119,15,5,193,193,157,187
5,119,15,5,193,193,166,130
5,119,15,5,193,193,179,137
133,197,18,133,45,45,45,94
133,197,18,133,45,45,53,14
133,197,18,133,45,45,142,116
133,197,18,133,45,45,152,191
133,197,18,133,45,45,162,113
133,197,18,133,47,47,17,134
133,197,18,133,47,47,20,134
133,197,18,133,47,47,33,81
133,197,18,133,47,47,49,56
133,197,18,133,47,47,94,91
133,197,18,133,47,47,119,136
133,197,18,133,47,47,148,158
133,197,18,133,49,49,3,109
133,197,18,133,49,49,81,125
133,197,18,133,49,49,101,50
133,197,18,133,49,49,105,36
133,197,18,133,49,49,116,131
133,197,18,133,49,49,160,168
133,197,18,133,49,49,176,90
133,197,18,133,51,51,41,83
133,197,18,133,51,51,59,193
133,197,18,133,51,51,109,163
133,197,18,133,51,51,145,188
133,197,18,133,88,88,51,25
133,197,18,133,88,88,62,85
133,197,18,133,88,88,93,151
118,72,25,118,17,17,65,55
118,72,25,118,43,43,22,68
118,72,25,118,43,43,104,56
118,72,25,118,43,43,109,111
118,72,25,118,43,43,132,164
118,72,25,118,79,79,175,83
118,72,25,118,79,79,196,88
118,72,25,118,114,114,0,31
118,72,25,118,114,114,4,117
118,72,25,118,114,114,32,26
118,72,25,118,114,114,61,61
118,72,25,118,114,114,100,122
118,72,25,118,114,114,108,84
118,72,25,118,114,114,123,23
118,72,25,118,149,149,43,98
118,72,25,118,149,149,129,164
118,72,25,118,149,149,152,9
118,72,25,118,149,149,152,192
118,72,25,118,149,149,171,101
118,72,25,118,158,158,97,81
118,72,25,118,158,158,104,55
118,72,25,118,158,158,117,155
118,72,25,118,158,158,137,67
118,72,25,118,169,169,30,184
118,72,25,118,169,169,104,3
118,72,25,118,169,169,153,136
118,72,25,118,169,169,176,75
118,72,25,118,180,180,7,197
118,72,25,118,180,180,19,105
118,72,25,118,180,180,72,55
118,72,25,118,180,180,191,141
118,72,25,118,180,180,200,51
135,41,71,135,4,4,37,110
135,41,71,135,4,4,89,198
135,41,71,135,4,4,140,6
135,41,71,135,4,4,156,156
135,41,71,135,4,4,177,77
135,41,71,135,4,4,185,112
135,41,71,135,16,16,47,20
135,41,71,135,16,16,80,165
135,41,71,135,16,16,97,53
135,41,71,135,16,16,97,133
135,41,71,135,16,16,185,170
135,41,71,135,16,16,193,73
135,41,71,135,28,28,189,94
135,41,71,135,65,65,194,63
135,41,71,135,66,66,12,1
135,41,71,135,66,66,85,42
135,41,71,135,66,66,101,103
135,41,71,135,66,66,120,186
135,41,71,135,66,66,166,126
135,41,71,135,66,66,169,150
135,41,71,135,101,101,24,28
135,41,71,135,101,101,65,110
135,41,71,135,101,101,179,85
135,41,71,135,106,106,13,121
135,41,71,135,106,106,38,51
135,41,71,135,106,106,152,147
135,41,71,135,166,166,13,54
135,41,71,135,166,166,13,152
135,41,71,135,166,166,18,187
135,41,71,135,166,166,102,158
135,41,71,135,166,166,125,59
157,148,100,157,2,2,101,191
157,148,100,157,2,2,127,121
157,148,100,157,2,2,146,136
157,148,100,157,2,2,200,44
157,148,100,157,73,73,7,190
157,148,100,157,73,73,55,4
157,148,100,157,73,73,85,160
157,148,100,157,73,73,130,164
157,148,100,157,73,73,142,196
157,148,100,157,73,73,172,190
157,148,100,157,73,73,174,21
157,148,100,157,159,159,15,184
157,148,100,157,159,159,26,183
157,148,100,157,159,159,122,95
157,148,100,157,159,159,186,49
157,148,100,157,159,159,195,114
157,148,100,157,163,163,22,165
157,148,100,157,163,163,26,173
157,148,100,157,163,163,35,152
157,148,100,157,163,163,57,88
157,148,100,157,163,163,67,137
157,148,100,157,163,163,68,14
157,148,100,157,163,163,90,120
157,148,100,157,163,163,118,99
157,148,100,157,163,163,176,93
157,148,100,157,163,163,188,109
157,148,100,157,163,163,191,191
63,103,107,63,166,166,13,54
63,103,107,63,166,166,13,152
63,103,107,63,166,166,18,187
63,103,107,63,166,166,102,158
63,103,107,63,166,166,125,59
147,45,118,147,70,70,51,22
147,45,118,147,70,70,75,147
147,45,118,147,70,70,104,196
147,45,118,147,70,70,118,188
147,45,118,147,70,70,121,183
147,45,118,147,70,70,191,51
147,45,118,147,87,87,0,0
147,45,118,147,87,87,32,184
147,45,118,147,87,87,103,69
147,45,118,147,87,87,165,194
147,45,118,147,87,87,182,72
147,45,118,147,87,87,188,40
147,45,118,147,129,129,8,148
147,45,118,147,129,129,48,25
147,45,118,147,129,129,72,24
147,45,118,147,129,129,87,107
147,45,118,147,129,129,134,151
147,45,118,147,129,129,154,45
147,45,118,147,129,129,181,86
147,45,118,147,196,196,20,119
147,45,118,147,196,196,102,150
147,45,118,147,196,196,110,11
147,45,118,147,196,196,166,119
29,95,127,29,29,29,34,194
29,95,127,29,29,29,125,51
29,95,127,29,46,46,92,36
29,95,127,29,46,46,94,122
29,95,127,29,46,46,173,64
29,95,127,29,49,49,3,109
29,95,127,29,49,49,81,125
29,95,127,29,49,49,101,50
29,95,127,29,49,49,105,36
29,95,127,29,49,49,116,131
29,95,127,29,49,49,160,168
29,95,127,29,49,49,176,90
29,95,127,29,62,62,6,71
29,95,127,29,62,62,7,53
29,95,127,29,62,62,53,130
29,95,127,29,62,62,106,156
29,95,127,29,62,62,181,46
29,95,127,29,62,62,196,75
29,95,127,29,77,77,0,137
29,95,127,29,77,77,52,90
29,95,127,29,77,77,82,168
29,95,127,29,77,77,90,91
29,95,127,29,122,122,25,31
29,95,127,29,122,122,33,80
29,95,127,29,122,122,66,199
29,95,127,29,122,122,68,155
29,95,127,29,122,122,156,101
29,95,127,29,145,145,55,29
29,95,127,29,145,145,107,6
29,95,127,29,145,145,169,158
29,95,127,29,163,163,22,165
29,95,127,29,163,163,26,173
29,95,127,29,163,163,35,152
29,95,127,29,163,163,57,88
29,95,127,29,163,163,67,137
29,95,127,29,163,163,68,14
29,95,127,29,163,163,90,120
29,95,127,29,163,163,118,99
29,95,127,29,163,163,176,93
29,95,127,29,163,163,188,109
29,95,127,29,163,163,191,191
29,95,127,29,169,169,30,184
29,95,127,29,169,169,104,3
29,95,127,29,169,169,153,136
29,95,127,29,169,169,176,75
181,128,129,181,1,1,63,43
181,128,129,181,1,1,63,191
181,128,129,181,1,1,68,122
181,128,129,181,1,1,87,173
181,128,129,181,1,1,137,22
181,128,129,181,1,1,146,192
181,128,129,181,1,1,172,99
181,128,129,181,16,16,47,20
181,128,129,181,16,16,80,165
181,128,129,181,16,16,97,53
181,128,129,181,16,16,97,133
181,128,129,181,16,16,185,170
181,128,129,181,16,16,193,73
181,128,129,181,67,67,58,115
181,128,129,181,67,67,95,66
181,128,129,181,67,67,154,113
181,128,129,181,108,108,62,127
181,128,129,181,108,108,71,99
181,128,129,181,108,108,109,43
181,128,129,181,108,108,125,82
181,128,129,181,108,108,157,182
181,128,129,181,108,108,163,157
181,128,129,181,137,137,1,3
181,128,129,181,137,137,44,99
181,128,129,181,137,137,50,68
181,128,129,181,137,137,96,114
181,128,129,181,137,137,194,151
181,128,129,181,143,143,23,24
181,128,129,181,143,143,73,94
181,128,129,181,143,143,111,78
181,128,129,181,143,143,162,112
181,128,129,181,172,172,33,8
181,128,129,181,172,172,60,178
181,128,129,181,172,172,68,43
181,128,129,181,172,172,88,9
181,128,129,181,172,172,141,191
181,128,129,181,172,172,171,168
64,113,139,64,16,16,47,20
64,113,139,64,16,16,80,165
64,113,139,64,16,16,97,53
64,113,139,64,16,16,97,133
64,113,139,64,16,16,185,170
64,113,139,64,16,16,193,73
64,113,139,64,27,27,128,50
64,113,139,64,27,27,129,85
64,113,139,64,27,27,137,109
64,113,139,64,27,27,147,58
64,113,139,64,27,27,165,15
64,113,139,64,70,70,51,22
64,113,139,64,70,70,51,22
64,113,139,64,70,70,75,147
64,113,139,64,70,70,75,147
64,113,139,64,70,70,104,196
64,113,139,64,70,70,104,196
64,113,139,64,70,70,118,188
64,113,139,64,70,70,118,188
64,113,139,64,70,70,121,183
64,113,139,64,70,70,121,183
64,113,139,64,70,70,191,51
64,113,139,64,70,70,191,51
64,113,139,64,101,101,24,28
64,113,139,64,101,101,65,110
64,113,139,64,101,101,179,85
64,113,139,64,156,156,31,32
64,113,139,64,156,156,94,121
64,113,139,64,156,156,142,9
64,113,139,64,156,156,193,12
64,113,139,64,170,170,59,9
64,113,139,64,170,170,97,102
64,113,139,64,170,170,114,140
64,113,139,64,170,170,183,108
64,113,139,64,170,170,188,187
156,61,151,156,51,51,41,83
156,61,151,156,51,51,59,193
156,61,151,156,51,51,109,163
156,61,151,156,51,51,145,188
156,61,151,156,64,64,29,162
156,61,151,156,64,64,117,86
156,61,151,156,64,64,162,24
156,61,151,156,83,83,55,172
156,61,151,156,83,83,174,183
156,61,151,156,83,83,194,54
156,61,151,156,167,167,19,96
156,61,151,156,167,167,44,102
156,61,151,156,167,167,50,171
156,61,151,156,167,167,55,41
156,61,151,156,167,167,76,113
156,61,151,156,167,167,109,11
156,61,151,156,167,167,154,17
156,61,151,156,167,167,187,158
173,194,157,173,157,157,171,97
173,194,157,173,182,182,88,186
173,194,157,173,182,182,91,24
173,194,157,173,182,182,150,151
173,194,157,173,182,182,199,10
156,73,158,156,51,51,41,83
156,73,158,156,51,51,59,193
156,73,158,156,51,51,109,163
156,73,158,156,51,51,145,188
156,73,158,156,64,64,29,162
156,73,158,156,64,64,117,86
156,73,158,156,64,64,162,24
156,73,158,156,83,83,55,172
156,73,158,156,83,83,174,183
156,73,158,156,83,83,194,54
156,73,158,156,167,167,19,96
156,73,158,156,167,167,44,102
156,73,158,156,167,167,50,171
156,73,158,156,167,167,55,41
156,73,158,156,167,167,76,113
156,73,158,156,167,167,109,11
156,73,158,156,167,167,154,17
156,73,158,156,167,167,187,158
171,8,190,171,62,62,6,71
171,8,190,171,62,62,7,53
171,8,190,171,62,62,53,130
171,8,190,171,62,62,106,156
171,8,190,171,62,62,181,46
171,8,190,171,62,62,196,75
171,8,190,171,125,125,77,46
171,8,190,171,125,125,120,22
171,8,190,171,125,125,133,196
171,8,190,171,125,125,177,98
171,8,190,171,135,135,19,59
171,8,190,171,135,135,148,56
171,8,190,171,135,135,156,52
171,8,190,171,135,135,166,15
171,8,190,171,173,173,87,111
171,8,190,171,173,173,89,60
171,8,190,171,173,173,94,10
171,8,190,171,173,173,121,88
171,8,190,171,173,173,126,135
171,8,190,171,173,173,134,78
171,8,190,171,173,173,181,164
171,8,190,171,173,173,186,46
171,8,190,171,186,186,11,117
171,8,190,171,186,186,14,151
171,8,190,171,186,186,25,87
171,8,190,171,186,186,39,116
171,8,190,171,186,186,53,45
171,8,190,171,186,186,86,80
171,8,190,171,186,186,89,56
171,8,190,171,186,186,125,79
75,191,192,75,35,35,3,30
75,191,192,75,35,35,16,61
75,191,192,75,35,35,82,137
75,191,192,75,35,35,154,189
75,191,192,75,35,35,155,147
75,191,192,75,35,35,176,64
75,191,192,75,35,35,176,177
75,191,192,75,35,35,177,164
75,191,192,75,111,111,46,98
75,191,192,75,111,111,109,97
75,191,192,75,111,111,174,125
75,191,192,75,133,133,26,91
75,191,192,75,133,133,198,150
75,191,192,75,179,179,6,15
75,191,192,75,179,179,24,37
75,191,192,75,179,179,65,122
75,191,192,75,179,179,67,176
75,191,192,75,179,179,143,19
75,191,192,75,179,179,172,49
81,1,195,81,46,46,92,36
81,1,195,81,46,46,94,122
81,1,195,81,46,46,173,64
81,1,195,81,120,120,70,130
81,1,195,81,120,120,128,104
81,1,195,81,120,120,143,167
81,1,195,81,120,120,197,79
81,1,195,81,169,169,30,184
81,1,195,81,169,169,104,3
81,1,195,81,169,169,153,136
81,1,195,81,169,169,176,75
81,1,195,81,192,192,109,32
81,1,195,81,192,192,177,23
81,1,195,81,192,192,182,109
